10
2
15 14 13 12 11 10 9 8 7 6
12 30 45 60 80 90 110 120 14 9
1
1 2 3 4 5 6 7 8 9 10
2 4 6 8 10 12 14 16 18 20
2
14 17 21 34 72 65 52 48 33 121
31 24 15 46 57 68 79 81 90 50
2
1 1 1 1 1 2 2 2 2 3
4 4 5 5 6 7 8 9 0 1
1
12 30 45 60 80 90 110 120 14 9
14 17 21 34 72 65 52 48 33 121
1
31 24 15 46 57 68 79 81 90 50
10 20 14 17 21 14 17 21 7 7
1
4 8 12 16 20 24 28 32 36 40
10 20 30 40 44 52 64 68 97 110
2
14 17 21 34 72 65 52 48 33 121
31 24 15 46 57 68 14 11 10 91
1
4 4 5 5 6 7 8 9 0 1
12 30 45 60 80 90 110 120 14 9
1
1 7 5 12 10 14 9 62 53 8
9 7 14 15 15 210 64 72 10 77